0   1   2         3      456   7                 8   9       A      B        0     12345  67   8     9     AB       0    1   23                         4    5   6     7    8             9    A   B   0     1  2  3               456789AB 0    1     2    34                 5            6              7  8    9   AB   0         1       234     5      6          7    89AB    0              1 23             4       56789                          A                         B     
6   7          89 A            B       0         1                  2                     345                       6                           789AB   0123 4   5          67            8        9A  B     0  1  2               3             4     5        678    9              AB    0              1       23  4567 8         9AB     01      2      3     4567 8                           9                        A                              B    0123456789AB 012  34 5     
1   2   3      45                                6                           789AB 0                                123  4                              5    678 9     AB   012345 6789AB 0    12  345 6     7  8                           9    A                                          B   01         2  3    45       6                                789AB 0123 4                           5 6                            789AB 012345678          9                      AB 0     
7   8                          9       AB        0                  1                                      23456789      A          B           0123456          78         9             AB   0       12345 6  7  89   A                   B    0     1               2345678                             9       AB  0123 4                 56789AB 0                      1234567           89   A                        B     01234                                           56       
2   3   4                                            567                                  89AB 012   3              4    567                                           89   AB     012345          678 9     AB 0                           1234 56789      AB  012345         6789AB 01        23456789AB 0                12                        34     5                                 67   8       9AB      0                                      1                               
8   9          AB 012                                34                      56                                     7    8                                   9AB 01234                         567     8        9  AB   0123456789          A    B     0                                    12             3  4567     89   AB 01     2345678                           9AB  0       1              2                                                       3456                   7        
345     6789AB 01                                23          456789                                  AB    01            2                                   3         456                             7     89 AB 01              2                   3                                                   4                5  6789AB 0               1                              23456789A      B 01             23                            456789AB 0                      12       
9AB 0   1      23 456789       A                             B      0        1234                                   5        6789AB 0123456789A                                                B   012          34                          5678                9AB    01      234    56789 A              B  012           3                                4          56                          7                                                       8                               
    456                  789AB 0123456           7   8   9AB 0123                                    45678               9                              AB   012                          3                  45                                        67   89         AB      01     234                  56               7                                      89AB 0123                   45   6 789AB 0        1                                      2                 3             
    AB  0                              123456789     AB  012        3456789A                                             B   01                                                                              23    4567                                89AB 012                             345                    678      9                                                                  AB   0       12345678                     9AB       0123                       4567 89       
        5      67              8                 9AB 012 345                       6789AB 012  34567                89AB 0                                                                12   34               56                                                                          789            A                                                                         B         0123 4                56789AB 01234 56                       7                 89AB 0  1234  
                  B      0123                    45      678                                   9AB   012                 3   45                         6789     AB    0123               4567 89      A                B          01            23    4    567                                            8  9AB  01          2345                   6789AB 012                                    3 45                                                                              6789A 
