0     123          45 67             8         9  A  B      0                      1   2   3    4     56           7         89     A         B    01         2      3                        4567 8           9            AB   01       2    3  4 5            6    7   8           9AB    01   2      3    456          7     89AB  0      1  2               3                     4  56789A B     0   1     2    3                    4567                                        89AB 
6     789AB 0             1          23        4  5  6      7                              89   AB    01           2                                          345            6789AB 0              1           2            345           6    7  8 9   A        B    0                           1                 2            34567 89AB   0  1                                     2  3      45678     9     A    B   0       12345678      9AB 0             1       2345              
1                  23                45  6     78 9         A    B       012           345                  67     8                9                                               AB        0123             4                          5    6  7     8        9A   B   012         345678      9      A                 B     0     1      2  3               456789AB 0123456789AB 0  1            2   3     45   67  8       9                                            AB      0    
789AB 0     12345  67 89                       AB 0         1    23                45  678                         9AB  01                         23456789AB 0                     123456789            AB    0                          1    2  3 4                 5   6   789AB   012         345678            9AB    01    2            3  4                                     5               6                                                                                    
23    456                                789AB 01 2                      3456789AB 0                                                                          1      2                                         3                          4    5  6              78       9AB 0123456                         789AB 01     23456                 7                                     8         9A    B   0              1234567          89AB 012 3     456789A B       0            1    
                   89 AB  0              12345    6  78                            9AB 01       23                                            456                                                  7               89AB     012           3    4  5 678 9                                    AB   0                              1     234567 89                                       A  B      0123      45678          9AB     0        1        2             3                    4567 
                      345            67                     89                             AB   01    234                                                                                                56789 AB  01234567               89AB 01 2 3            45   6   7                  89   AB     012        345678                                                             9               A   B     01   2                    3        45678                 9AB  012          
                                     9AB 0        1         2345                   678 9AB 012                     3456                       789A                   B       012345                            678                                9 AB  01234567      89A                                B    0123                            45 6                                                     789 A     B    01                   2    345                       678               
45          6789AB 01     23456789AB 01        23                456789A                                                            B         0123                   456789A                       B     01234 5            6789 AB       0       1                                          23          4                                       5                                     67                             89A                                 B       0       1            23   
                   AB 012                         34                                            56789                   AB   012345                           6789AB 01                            23456                                  7    89 A     B        0123                        4567                          89A                   B   0                                 1  2            345       6789             AB       0        1             2            3456789      
                                               56 78 9A     B    01                23      4567             89AB   01   2345 67                                                               89AB 0           1                 23456789      AB 0                   12  345                            6789                                 AB 0   123456789AB 012                   3  4                                                                                                 
                                                  B  012345 6                                         789AB 012345      6789 AB     012345678                                                      9A                                             B 012               34                                 5                                    67 89A                                   B  0            1   2     3    45                        678 9AB   0123    456789A                   
