0     1   2   3                 4     5    67                   8        9   A      B     01              2             3    4    5  6                                      7 8  9    A     B     0       1  23       45     67             89AB 01234   5   6     7  8      9    A  B    0                                           1   2   3     4   5   67   89AB   01234 5     6                           7                                                             89A    B      
6     7   8            9        AB    0               1         2        345 6                    7                     8    9    A  B    012                               3 45 6    7           8       9                  AB  0                                 1              2       3      45   678                   9AB 01    23  4   5     6            7      8     9AB   012                                                      3456789A                         B      012345 
1     2   3   456789AB 0              1234    56789AB 0         1                   2                     3             4567 8    9                          AB        01   2                             3  456789AB 01         23456789AB 0123             45    6              7  8                9AB    01                 23    45  678           9AB 0                                                                                                                               
789AB 0   1                                23 4                 5   6        7                    8                     9    AB   0                                         1 23 4    56    789A  B       0                      1                           23    4         5       67          89                                                 AB  0   12                      3                45         6    789A        B           01       23456789AB 0123456789AB 012345 6      
2     3   4                     56789      AB 01      2         3   4                                             56         7    8                          9         AB   0               1             2                  345                         67        8  9AB    0            12                                345       678 9AB 012           345  6      7           8                9AB  01234 5         6789AB 0123456789A B        01                                    
      8   9AB 012                                     3456789AB 0                                                                 1  2345                              6789 A B  0123                     45          6789AB 012                         34        5  67          89      AB     0123               4                     5   6     789                 A           B   01234  5     678        9A   B    012345                                              6      7      
3     4   567                              89                            AB  012345 6789A                 B       01234      56   7                 89AB     012345678      9    A    B     0     1234567 8                                                        9         AB   01 2345        67          89AB   0123        456           789AB 01                                                                                       2                                              
      9AB 0            12345678       9AB  01 23                4   5    678 9                                          A         B  01                                2345 6    7    89          A                                                                               B  01                      234567                                         89AB 012345 6           7                     89AB  0123 456                                                      7      8      
45    6                                                             7        8            9AB     0123456         789AB 012       34                                        5 67 8                9       AB 01       23                    4567         89        AB 012345 678     9A                                                                                 B     01234     5      6789A            B    0123                                                                   
                       A                                                     B      01    2345678 9AB     01                      2       3456789AB 01234567                8 9A B    01234                                                      56789AB 012                      34                                56789AB 012           3   4     5   678             9                                                                                                                   
      5                               678                       9AB 0123                                  456789A       B    0123                                           4    5                        67                 89                          AB  01    23                     456789 AB   012345                678       9AB 01        23  4               5     678   9A         B     0123       4                                                                           
                       B        0123       45                   67  89AB 012        345                                           6  789A                                   B 01            23456                                                            789AB 0         1234 56                                            789AB 0                 123                         45  6789AB 01234      567   8                                                                    9A     
