012    3456789AB 0123     4           56  7    8      9     AB     0   1       2         3        4  5     6    789AB 0   1            23       4               56    7                 8    9       A                        B       0                          1      2        3  4      567  8   9   A     B     0            1    2        345  6             7     8                               9    AB  0123 4   5                            67               89A              B  
6789AB 0                                       1      2            3   4       5      67 8        9  AB    012        3   4                     5                     6                 7    8       9    AB   01             23      4     567                  8      9 AB     0  1           234 5   6     789A      B        0                  1   23456789A B     01234567                        8    9        A               B          01    2                34               5  
       12                    345 67       89          A                                  B  0     1             23456          7                                      8                 9    A       B    01   234                    5                   6             7        8              9AB 0   12345 6     78           9             AB   0   1                                    23456789AB 0    123 4567 8   9AB 0123456                              789A B   0               
                          7      89AB 01  2345              67                        89 A  B     0                   12                                        34    5                                   67                                89AB  01234                 5 6789   A  B      0    1   2               34                                            56                                                  7       89AB    0123456789 AB    01   234         5          6        
                          23     45       6                                              7        8                   9   AB   0123456                          789AB 0                                                               1                          234567 8        9                  A   B     0     12           3                                                                      4567     89AB 012 34                                56789A B    0   123456 789AB 01 
                          89          AB  01   234567 8            9AB 0                 1        2        345        678      9AB     01       23                                      456  7       8                                                           9      A        B  0      1234 567                     89A           B        012  345                                                      678      9               A                     B      01   2          345   67 
345                          678               9AB    01           2           34        56       7        89AB 01        23           456789AB 01                                                        2345         6789AB 01      2                                 3        45                 678             9AB 01234567 8                                      9                               AB   0                                                          1                2  
                             9AB 0123                              4   56789AB 01     23 4        56       7                   8                      9AB       012                                                                   3                                 4           56789A          B   0     12345                            6789 AB  0                        123456789AB 01                                                  2     345         6        7            8  
                 456789AB 01          234                          5           6789AB 01 2        3                   45  6789                                        A                 B    0123456                                  789AB 01234 56789AB 012345        6                               789                      AB   01            2                                                                 3                                                                     
                          AB 012                      34567 89                        AB 0  12345    6789             AB  0                                           1234                                     56789AB 012345         6                   789AB  0      1           23                                           4567                             89A   B        0                      123  45       6       7                  89                                         
                          56          789 AB   0                   1   23             45    6789A                                               B     012345678       9                 A    B       0123                     456789A                            B      0        12                 34              56                              789                 A                                             B   012                    34567 89AB 01     2345 67  89AB   012   34 
                                                      B     012345 678                   9        AB 01234                5                     6789A                 B    0123456789AB 0123         4567 89                                                     A      B 012345 67        89AB 0   1                            2    3456789A          B         01234                                               5   678                                                            9A 
