0             1          23456789AB 0      1                         2                    3              456789AB 01     2          3         4    5   6  7         8  9      A              B       0    1     2   3         456                7   8  9   A      B         0    1       23      4    5     6 7  8     9  AB      01   23           4                         5      6   7            8                                                       9                      AB    
6             7     8               9      AB   0                    1                    2              3        45     6          7         89AB 0      1         2         3              456789A B    0         1                                2  3                    4                    56   789AB 0 1  2     3               45                                     6789AB 0   1            234             5                  6789AB 012     34                           5     
1     23 45                                6789                      A             B      0                                                        1   23     456   7  8      9     AB       0       1    2345  678 9   AB    0                      1  2                                     345      6     7 89       A               B   0                        123456789        A   B    01234   5   67     89AB 0                                                                    
789AB 01 23         4                           567  8        9AB    0                    1              2               3     45   6         7    8   9  AB  0123  4                                56   789AB 01  2                            3   4  5   6                             78  9AB 0123       4 56          789              A                B       0                1   2345         67  89AB   0123 4                  5                    6                            
2                                   345678           9AB      012    345           6      7                                         8              9   AB 0         1                        2                  345 678                          9AB 0  1          23456789A      B       01                 2 34                                    56789AB 01                       234      56789AB 01              2                  34             56789 AB   01                      
      89 AB   0          1                 2345                      6789                                                      AB   012                             3         45678                             9AB 0         123                456 7                                                       8    9AB   0                   1                2345678                      9A                                  B           012    3456789 AB    01   23456789AB 012345 67    
3     45 6789 A                                                      B    0123            4                                             5     6    7      89        A  B      012            3       4                  56789                        AB 0          1              23      456     78         9 AB 01               2345 67                                                8            9AB 012345      6789AB 0123456789A        B       012                                
                    9AB  0          12                        345678                           9AB       01       23     45    6789     AB    0123     45              67           89                              AB  01234                        56     789              AB   0                          1 2  34567 8          9AB  01  23456789                 AB        01234  5   6                                                                    78                           
4                   567                         89AB 01234567                             89AB 012345678                            9AB 01234 5    6   78           9  A      B     01234567                                                     8   9  A   B      0         123  456789A                    B 0        12                                                                                             3                                                                    
      AB 01   23456                                                                789A                                                                             B  012345                             6                   789AB 0123456789AB 012 3  4                    5                678 9AB  01234 5          67              89A B        0123                                                         4567                                                                89    
5     67      89                    AB     0    1234                                      5                       6789AB 01                        234    56  789AB 0                        1       23             45                                  678                               9AB 012            3          45         678                       9A                       B   0                            1                                       2345            6789AB 01234 
              B     0123                                                  456789AB 012345 6                              789AB 0123 45  6789       AB  01 234       56                               789A                                               B   012345           6789                            A          B  0123456                                                    789                                                        A                                          
