012 3              4             5  6     7      89AB    012    3    4           56  7    8   9                   A             B   0    1    23       4   5   6      7            8    9      A         B   0                                    1     23                  4     5     6                   7   8   9     AB   0           1       2                   3456789AB 0123456789A       B       0                1 2  3       4  5                           6789   A   B        
678                9AB 0         1  2                    345    6    7  8        9AB 0    1   2                   3      45     6        7             89  A   B      0                 1      2         3                            4    5      6        78                     9AB   012345              6             789  AB     01   2       345 6    789AB 0123                                     4           567  8 9          AB 0    1                 234         5            
             1         2         34 5     6      7              89AB 0               1    2   3     456   789AB   0             1        2                 34                                  5    67   8                            9AB  01234           5                6           7                   8   9AB 0123  456  789    AB   0       1        23456                            78    9A      B  0123     4    5 6          78 9                           AB     0            
             789AB 0   1         2  3                           45   6           78  9    AB  0                   12            345 67   8                            9AB   012345 67   8                9   AB    01                 23                45 6                789AB 01234                     5   67                                     89AB 01         2                                   3  456789AB 0123 4 5             6                                               
             23456 78                                                   9            AB   0   1                          23                   456789AB 01                               234567      89   A                                                       B          01                                                        2345         678                                       9AB   01      2                3 4  56789AB 01      2345678 9AB       0           1            
                                 89                                  AB 01234567     8    9   AB    0123          456789        A                          B   012345 6                                  7   89               AB      01          2345  67                              89                          AB    0123             4           5                                                   6                7 8          9  A                                  B   01234567 
345                              67       89AB   0123456        7    89 A                                         B      01     2        3456                  7      8            9    A      B    01   2                    3456789                   AB 01234            5     678                       9AB 012                        3           4                                     56            78               9 A             B    0                 1           2            
9AB 012                3456789AB 0  1                                23                       45678                                      9AB  01       23                          45          6789 AB   01        23456789AB 012                                                                           34                             56789AB 0                                                       1                2 3  4       56 7                                      8        
    456789AB 0     123              4                                5               6              789AB 0123456               789                    AB  012                                 34                                     5678                 9AB   0                                                             123456                  7          89AB 01                          2345678 9A               B 01 2                                             3            
                                 AB 0                                1               2345 67                                        89AB 0                            12345 6789AB 0123                  456                                      789AB 01                  23                                      45678                          9AB 0123       4567                                                 89AB 0               1234                   5678        9            
                   56               789AB 012345         6789AB 012              34                                                 5                      67  89A                      B      01   2345     67                                         89                              AB     0123456789AB 012 345                   6789                                                                                  A B  01      23                                    4            
                                                                        B        012      345                            6789AB 0   1234               567 89                      AB   0                    12345                         6789AB 0              123456789A                                                                                                      B           01234         5                6 7             8    9AB     012345678 9AB  012345 678 9A       
