0     123456789AB 0             1    2               3             4      5     6     7    8     9   A            B  0       1        2                3  4    5              6    7            89   AB     0            1       2      3456  7   8  9               AB 0                1    23456 7  8                             9   A      B    0  1                         2    3         456789AB 01   2                                         3    4                 567  89AB   
6                 7      89     A    B    0              1         23     4                5     6   7       89AB 0  1   23  456789AB 0   1            2       3              4    56                              78    9 AB    0            1   2                     345         67              8  9                             AB  0      1       2        345    678       9AB  012                     3   456789AB 01                     23    45                                 
1                        234567 89   A    B          012                              3456       7   89           A  B   01  23                4       5       6              7    8                 9                   A       B      012       3            45    67             89AB 0    1     2                       3        45         6                           789AB 0        12345          67   89A                                 B     0                                  
789AB 0           123456             789             AB  0                                                        1  2                345 678          9  AB   012                                                       3       4            56  7                  89     AB      012             3                       456789AB 0   1      2    3  456789AB 012    345 6                                                                                                               
2                                    3456                                 789AB 01               2                   3   45           67               8  9    A                         B      0123                     4 56789                  A            B     01 2   3456789      AB   0        1234567                           89          AB 0                         1              23       45   67                                                               89AB 01     
                  8                                                                        9     AB  0123456         7                89               A       B   01                                                    2       3                4                                                                                             5    67                           8    9AB 0                   1            234     56789AB 012345 6789A B    012     3456789AB 01   234567 
3                               4567                 89                                    AB    01               23 4                         56789AB 01 23   4              5          6789A                           B 01234 56789A       B   0                     1   2       345  6789       AB 0                             123        4                                                              5                            6789AB 0     1                      2           
                  9AB    01     23                   45            6789AB 0123  45         67    8                       9AB 0        1   2345         67                     89AB 01234                    5            6              789AB 0   1                  23                             45                               678                                9AB 012   3    45  678                                                                                              
4                                                                  5      6     789AB 012        345              67 89A                               B  01       23456789AB 0123              4567                     8                        9  AB        0123  45 678                         9  A                                 B      0    12 3                         4567                    89AB 0                                   1     2    3                             
                         AB     0         123456789A     B         01           23                           4567 89                  AB  0                                                                 1234   56    7                    89A B  012345678          9AB 01           2345       6                                           789A                                       B     01       23   4            56789AB 01234          5     6789                               
5                                                    67                               89AB 01234                     5   678              9AB  0123    4  5678                     9AB   012345      678           9AB   0       1            234 56                                          789AB 01                                   234567      89                                    A                   B   0123                            4          56789AB 012       34          
                                B    01                  23456789A                                   B       0123 45 6                                         789                              AB   012345 6789AB 01234 5                                     6789A                                   B       0123456789AB 012                 3    45          6789AB 012 345        678 9                                                             A                                  
