24
12
1
72
0 1 2 3 4 5 6 7 8 9 10 11
1 2 3 4 5 6 7 8 9 10 11 0
2 3 4 5 6 7 8 9 10 11 0 1
3 4 5 6 7 8 9 10 11 0 1 2 
4 5 6 7 8 9 10 11 0 1 2 3
5 6 7 8 9 10 11 0 1 2 3 4
6 7 8 9 10 11 0 1 2 3 4 5
7 8 9 10 11 0 1 2 3 4 5 6
8 9 10 11 0 1 2 3 4 5 6 7
9 10 11 0 1 2 3 4 5 6 7 8 
10 11 0 1 2 3 4 5 6 7 8 9
11 0 1 2 3 4 5 6 7 8 9 10

0 11 10 9 8 7 6 5 4 3 2 1
1 0 11 10 9 8 7 6 5 4 3 2
2 1 0 11 10 9 8 7 6 5 4 3
3 2 1 0 11 10 9 8 7 6 5 4
4 3 2 1 0 11 10 9 8 7 6 5
5 4 3 2 1 0 11 10 9 8 7 6
6 5 4 3 2 1 0 11 10 9 8 7
7 6 5 4 3 2 1 0 11 10 9 8
8 7 6 5 4 3 2 1 0 11 10 9
9 8 7 6 5 4 3 2 1 0 11 10
10 9 8 7 6 5 4 3 2 1 0 11
11 10 9 8 7 6 5 4 3 2 1 0


0 12 6 18 0 12 6 18 0 12 6 18 0 12 6 18 0 12 6 18 0 12 6 18 0 12 6 18 0 12 6 18 0 12 6 18 0 12 6 18 0 12 6 18 0 12 6 18 0 12 6 18 0 12 6 18 0 12 6 18 0 12 6 18 0 12 6 18 0 12 6 18 0 12 6 18 0 12 6 18 0 12 6 18 0 12 6 18 0 12 6 18 0 12 6 18 0 12 6 18 
0 12 0 12 0 12 0 12 0 12 0 12 0 12 0 12 0 12 0 12 0 12 0 12 0 12 0 12 0 12 0 12 0 12 0 12 0 12 0 12 0 12 0 12 0 12 0 12 0 12 0 12 0 12 0 12 0 12 0 12 0 12 0 12 0 12 0 12 0 12 0 12 
0 0 0 0 0 0 0 0 0 0 0 0 0 0 0 0 0 0 0 0 0 0 0 0 0 0 0 0 0 0 0 0 0 0 0 0 0 0 0 0 0 0 0 0 0 0 0 0 0 0 0 0 0 0 0 0 0 0 0 0 0 0 0 0 0 0 0 0 0 0 0 0 
2 8 5 11 2 8 5 11 2 8 5 11 2 8 5 11 2 8 5 11 2 8 5 11 2 8 5 11 2 8 5 11 2 8 5 11 2 8 5 11 2 8 5 11 2 8 5 11 2 8 5 11 2 8 5 11 2 8 5 11 2 8 5 11 2 8 5 11 2 8 5 11 
2 8 2 8 2 8 2 8 2 8 2 8 2 8 2 8 2 8 2 8 2 8 2 8 2 8 2 8 2 8 2 8 2 8 2 8 2 8 2 8 2 8 2 8 2 8 2 8 2 8 2 8 2 8 2 8 2 8 2 8 2 8 2 8 2 8 2 8 2 8 2 8 
0 6 0 6 0 6 0 6 0 6 0 6 0 6 0 6 0 6 0 6 0 6 0 6 0 6 0 6 0 6 0 6 0 6 0 6 0 6 0 6 0 6 0 6 0 6 0 6 0 6 0 6 0 6 0 6 0 6 0 6 0 6 0 6 0 6 0 6 0 6 0 6 
18 12 18 12 1 7 1 7 1 7 1 7 1 7 1 7 1 7 1 7 1 7 1 7 1 7 1 7 1 7 1 7 1 7 1 7 1 7 1 7 1 7 1 7 1 7 1 7 1 7 1 7 1 7 1 7 1 7 1 7 1 7 1 7 1 7 1 7 1 7 1 7 
2 8 2 8 2 8 2 8 2 8 2 8 2 8 2 8 2 8 2 8 2 8 2 8 2 8 2 8 2 8 2 8 2 8 2 8 2 8 2 8 2 8 2 8 2 8 2 8 2 8 2 8 2 8 2 8 2 8 2 8 2 8 2 8 2 8 2 8 2 8 2 8 
20 14 20 14 3 9 3 9 3 9 3 9 3 9 3 9 3 9 3 9 3 9 3 9 3 9 3 9 3 9 3 9 3 9 3 9 3 9 3 9 3 9 3 9 3 9 3 9 3 9 3 9 3 9 3 9 3 9 3 9 3 9 3 9 3 9 3 9 3 9 3 9 

21 15 21 15 4 10 4 10 4 10 4 10 4 10 4 10 4 10 4 10 4 10 4 10 4 10 4 10 4 10 4 10 4 10 4 10 4 10 4 10 4 10 4 10 4 10 4 10 4 10 4 10 4 10 4 10 4 10 4 10 4 10 4 10 4 10 4 10 4 10 4 10 
22 16 22 16 22 16 5 11 5 11 5 11 5 11 5 11 5 11 5 11 5 11 5 11 5 11 5 11 5 11 5 11 5 11 5 11 5 11 5 11 5 11 5 11 5 11 5 11 5 11 5 11 5 11 5 11 5 11 5 11 5 11 5 11 5 11 5 11 5 11 5 11 
23 17 23 17 23 17 6 0 6 0 6 0 6 0 6 0 6 0 6 0 6 0 6 0 6 0 6 0 6 0 6 0 6 0 6 0 6 0 6 0 6 0 6 0 6 0 6 0 6 0 6 0 6 0 6 0 6 0 6 0 6 0 6 0 6 0 6 0 6 0 6 0 
12 18 12 18 12 18 7 1 7 1 7 1 7 1 7 1 7 1 7 1 7 1 7 1 7 1 7 1 7 1 7 1 7 1 7 1 7 1 7 1 7 1 7 1 7 1 7 1 7 1 7 1 7 1 7 1 7 1 7 1 7 1 7 1 7 1 7 1 7 1 7 1 
13 19 13 19 13 19 8 2 8 2 8 2 8 2 8 2 8 2 8 2 8 2 8 2 8 2 8 2 8 2 8 2 8 2 8 2 8 2 8 2 8 2 8 2 8 2 8 2 8 2 8 2 8 2 8 2 8 2 8 2 8 2 8 2 8 2 8 2 8 2 8 2 
14 20 14 20 14 20 9 3 9 3 9 3 9 3 9 3 9 3 9 3 9 3 9 3 9 3 9 3 9 3 9 3 9 3 9 3 9 3 9 3 9 3 9 3 9 3 9 3 9 3 9 3 9 3 9 3 9 3 9 3 9 3 9 3 9 3 9 3 9 3 9 3 
15 21 15 21 15 21 10 4 10 4 10 4 10 4 10 4 10 4 10 4 10 4 10 4 10 4 10 4 10 4 10 4 10 4 10 4 10 4 10 4 10 4 10 4 10 4 10 4 10 4 10 4 10 4 10 4 10 4 10 4 10 4 10 4 10 4 10 4 10 4 10 4 
16 22 16 22 16 22 11 5 11 5 11 5 11 5 11 5 11 5 11 5 11 5 11 5 11 5 11 5 11 5 11 5 11 5 11 5 11 5 11 5 11 5 11 5 11 5 11 5 11 5 11 5 11 5 11 5 11 5 11 5 11 5 11 5 11 5 11 5 11 5 11 5 
