0     12345                      6       7       8     9A   B                            0             1              2            3             4   5   6  78            9                A        B          0          1     2   3456789A        B             012         3     4  5      6789AB0 1     2                     3  4            56     789AB0123456 789  A    B              012     3      4    5       6789              AB                                             
67            8   9   A   B                                 0    123   4           5     6   789            A                B                       01  2  3  4                                    5     6789 A          B                  01     2     34  5            67 8     9A B01234 5       6                  7        8         9AB                                 0    1234 56       789        AB                 0           1234 56   7             89AB012 345            
12345 6789AB0 1   2       34     5       6                             789AB0            1             2              345678       9             A   B   0  1                                             2345 6789       A     B0  12              3 456                           78                                            9A B0     12345                     6    789  A         B0       123 4      5    6                              78   9                            AB0     
              7   8                              9          A    B0    1      2345 67    89A           B0                    12345 6                     78 9             AB               0                   1    23456                           7     89  A   B        01 2     3                                    4           56789A                           B012 34   5              67             89           AB0   123456789AB 0    1234 5                     6              
              2   34      56789A         B012345 67         8    9A                      B                  012345678 9            A  B012345678 9       A  B             012345678        9        A          B    01    2     345                 6 789 A   B01          23 4567                                89AB01                                                                                                                                                                    
89AB          0   1                                    234             5      6          7                                                                                                                                8     9A  B0              1         2   3456789A          B                 0     1     234567 89AB0123 45        678                                 9    AB0  12   345 6          7    89AB012                                           3456    7              
              34  567            89AB012                    3    45678                                 9A   B                0     12            3       4     5                                    6               789AB 0     1            234567 8         9            AB       0         12            34           56                       789AB0                        1234 5678                                                    9         AB0                          12      
              9AB         012    34                    5678 9                 AB01       2             3456                        78 9A         B0      1  2                                                             34567 8                   9 AB0 12  3            45       6                 789AB                                 0     1234                     56   78   9         AB      0                   12345                       6             7       8              
                      456        7       89A     B0         1          2           34    5                                   6789A B0            1   234 5  6                       789AB0 12345678 9     AB01 2345             67           89     A     B0                        12        34      5                           67                                                           89  AB0 12          3                                                                        
                  AB0 123                                   4567              89   AB012 3                                         45            678 9A  B  0                       123                                                             4     567              89                               AB0                   12 3                                                             4   5      6    7                         8    9AB0 1234 5678             9AB012 3456789 
              56      789                        A     B01  2          3                 4                                                       5   678 9  A                              B        01234                                           5         678             9AB01                   234   56789                                                     A    B012           34       5   6789AB 0123 4                         567       8    9AB01234                        
                      B0                         12345                 6      7    89        AB0123456 78   9         AB01                       2       3  45 6789AB0123           456             78                    9                  AB     0 123     4                     5  6789A                                      B0 12                               345       6         789A                                                                                              