                               0                  12                             345                6789AB                                     0     123 45                                    6           7           89AB                                                        01   23         4    5    67 8     9     AB                            0          123                    4         56789                 AB01234 567 8  9AB01234 56789AB        012            3456789AB 
                               6                                                 7     89        AB 0                 12           3   45      6     789 A    B0123456        7   8  9AB0      1           2     3                    4  56789AB012            3            4      5    6     7    89A  B    0        1 2   3   456789 AB01234 5          678        9                                AB0   123    4        5                                                               
                     12   34                                               5     6          78   9         A          B0               12                3             4      56  7        89  A                                      B0            123456                  789AB0                      1234    56    7 89A                               B          0                      123  4567              89AB0123             4  56               789AB0                          
789                            AB                       0                              1    234  56                       7        89A         B         0                        1        23      4       5                          6             7                 89AB0 1      23   45    6    7    8       9AB01 2 3   45         6                                             789AB       0    1234         56       7       89  AB          01234   56     789  AB0123456           
                               2345 6789 AB012345                       67       8          9AB0 1                                 2   3             456      7               8   9        AB  0   123     4                          5                    678 9AB012 34567        89AB 01                   23       4 567                    89AB0 1                                                                                                                                      
                                                  89A   B               01       2               34 5                 67  8                    9A        B             0123   4   56           7           89AB0                      1                                     2                 345  6    7    89       A B01                    234        5              6789AB01234        5678                            9       AB  0                   12     3456 7                   
                     3456      789  AB01                                23 4                56   78        9          A            B01                   2                    3   4        567 8                 9AB   0123456 78     9             A                                         B012              34    5     678        9                  A          B               012345                 6      7        8           9                          AB             012       
                     9A   B012                    34567                 89             AB        0  12                345 6        7           8                              9AB 0  12                    3     45678         9AB012 3                    45  678                                      9    AB       0         123                  4567            8                      9AB0 12                                 34  56 78                                               
                                                                  45678          9AB01 23                                          45  6789AB0 12345     6789                     AB       01  234 56789AB       012           3456   7             8      9                                            A             B     012                      3    4          567                         89AB                               012 3                                                   
AB01234                   5678                                    9     AB 0123        4567                           8   9                          AB0 1                    2   3  45678     9                                      A             B0     123 4            5      6    789AB      0123      45       6                78            9AB0 12                                     3          45              6           7                               89                  
56      789AB0123456 78   9A                      B0    123456789 A        B           0    1    2  34                                                                 56789A                  B   0       1                          2  34                    5            6      7          89A  B    0    1  2     3 4              5       67    8    9   AB0123 4   5           6                      789AB0                      12                  34                              
                     B0        1    2345 6789           A         B0123 45 6789A                           B012345678 9   AB012345 6           7              89A      B      01  2  3     4   5           6           7              8             9      AB0        12    3      4               5    6       7     8     9   AB0            1     2    3   456789 A                                                                                                                      