                 0     1      2         3456         7         8         9AB01234 5                    6   789AB01 2345 67                   8   9                                            A B   012          3           4567      8        9    AB0 1     23 4   5                                       67        89    AB     01234567 8  9A B    0                            1                                   2345        6    78         9A  B                                 
                       6789AB                 012345                              6            789 AB                                        01  23                                           4 567                    89AB       01            23   456       7      89A                      B012 3    4          5                                    67 8                                    9                        A    B      0    1          23         456789A B012345            
123456789 AB0    1     234    5               6789AB                              0                                                              1                    234         56          7 89A        B0123 4                     5                          678              9AB 0                 1                    234567 8        9     A    B                                  012                      3456             78   9A B0                                            
                              7         89AB0                                     1            2       3   4                                 567 8  9AB                                012345 6                        7     89A                               B0 123                               4567      89A   B0                        12 34 56                                      789A                          B    0      1    23 456789A B   012345         6                  
                 23           4                                          56       7                    89                                    AB  0  12345678 9AB01234 567              89AB   0                  1     23456           7   89AB          0     1                   234         56                   789 AB    01                                                      2     345                           6789 A      B               01                                    
                              8   9AB01                                           234  56789AB 01  234 5   6                                     7                    89AB0       1234        5                  6789A       B0        123 4567                89                      AB                0          12                        3          45 67                        89AB0                               1    234567                                                       
                              3   45678                        9                               A       B01 2                                                                                  3 4                5                6789          AB0  123 45678    9AB 01234        567 8            9A   B              01234                 56 78      9                                       AB01234567 89AB     012                                                                    
                              9                      AB0123456 7         8                                              9AB0123                  4           56                   789A        B 01               2                                                                             34        5678                        9        A  B0 1234    5                         67         8                             9      A    B0 123     45  6              789A    B012345678 
          456789 A            B01 23                                                   4       56  789 A           B01                       234 5                          678               9     AB           0     1     23   45   6             789       A      B     0          1234567 89        A    B0123                           4  56 7    8  9AB012        3                                                                45         678 9A     B0123                      
AB0       123    4     5      6         7            89        AB0123456 7        89AB 012     3       4   5       67   8                    9   A                                B0          1 2   345678 9                      AB   0        1        23    4  5   6     7      8   9       A    B012 3    45    6   7     89     A        B     0    12 3      4                  5     6                        7         8      9                                                     
                 56789        A                                                                B   01  2   3            45      6789AB012345     6           78             9AB01             2 3          45678                       9AB 0123 4              56     7     89AB   01                    2          34  56                    7     89   A         B0123  456789AB012 34                                                                                                    
                 B     0                12                                             3       4   56  7           89A                           B  0                 1     2345       67     8     9      A     B     0     1    23   4        5678     9AB      0         123456             7    8    9          A                B        0  12      3  4      56789A                   B               01234567 89AB 0    1      2345 6              78                     9A         