                              0 12                 345     6789A B   012345                  6    78           9A   B012  345678 9AB                       0                       123456          789AB012 3           45                                                                                                               678 9A       B                                               012          3456                            78              9        A         B     
                         6    7      89            A   B01 23    45  678           9AB                                           012                    34 5              6    789 AB                                         01234  56 78 9AB0123 45678                      9     AB         01      2345678         9      AB         012          3        4                                      5                                                                                     
                              1      23                456                         78        9         AB01234 5678       9AB012 345       6            78 9A                             B0                12                       34 56                         789AB            01         2345678 9               AB     0123456789              A                         B0                                                                                                          
                         78   9      AB                    01    2          3      4              56                                 78    9     AB0123    4              5                        6        7  8                     9A B0         12                    3456                                                                                                                 789AB01     23456789       AB        01234 5678 9AB         012      3   4    56              
                              2 345  6  7                                              89AB0                                                            12 3         456  7               89A B01                                                                  23               4                          56789AB 0                     12345678 9        AB0123 456789AB0 12345                 678          9AB01                                                                    
                              8         9AB0123456 789           A          B      0   123                                                 4     567       8  9AB              01         23  4567          8  9AB01234       56789A B             0     123456789            AB0                      1               234567                                                                                                                                                               
3           456789AB0123 4    5 6    7  8              9A  B     0          1      2              34   567          89A                    B0123 4      56 7  8           9    AB  0      1   2    3        4  5        6            7     8       9     AB0       1          2                                34                        5            678 9AB0        1                       23456                78    9         A                      B        012                      
                         9    A B0   1             2             3          4      56  7     8    9A           B012 34567                  8     9      A  B  01     2    3    4          567 8             9           A     B      0  12         3               4                567 89     A       B       0       1                              2   345                   678                   9   AB01     2                     3    4    56              78  9A   B    0123 45678 
456789AB012              3    4      5             6   78        9                           AB01                                    23456 7     8      9            AB01 2                   3    45       6  7                     8  9A         B               0          1     23  4567                           8                 9AB          0   12          3                               4                            56789 AB   0123                 456 78   9    AB   0123  
                         A    B      0                           1          2      3   456   7         89                                  A            B0 1  234567      8        9          A             B0                       12 34 567                                8     9   AB0123                                                        4        5678             9A    B012            3                                  4    5678 9AB012 3456789A B   0123 4    5678 9     
                         5    6 789A               B01 23  45    678 9AB    0      1         2345                                678 9AB01                 2         3    4    56  78         9             A           B0123              4                       56    789A                  B       0       12                        34           5   678  9                      A               B                  012345678       9                         A   B    0123 4          
                         B012 3      4                                      56789A                B012         34                          5               6         789  AB01 23         4                 5  6        789                        A                     B012 34567 8          9       A                                     B0       1               2               3456789         A                            B     012       34                  56   78   9    A     