                          01  2345                                           67                            8     9AB               01234567       8              9    AB 01 2       345                                                                      6             789    AB                                    0123                   4567 8 9     AB0     12  345              67              89AB01234567              8                              9AB                       
      67                  8   9AB01 23  4         5678        9          AB0 12                            34        5                                                   67         8            9                                      AB     01 23456789AB 0123                              4                     5       6789AB                 0 12345     6   789              AB                                            0     1     2                  345                       
                                                              1    23456        789AB0                                                                                1  23 456789A              B                                      01     23            45                           6789 AB0123 456            7  89A                    B0   1           234 56                                                        789A B     0     1        23456789A            B0             
           789AB01        2             3              456789 A              B0 123                                  4                                           5678 9  AB 0                    1                           23456             78            9A   B               0                                  1              23456           7 8                        9AB   01     2345678 9A                B012345      6                                                        
234   5                   6   7                               8    9AB01                                   2     345 6                            7    89AB           0     1       2                34567                         8    9      A             B    0        123456              7                     8              9AB0  1    2    3       456 7              8         9  AB01                                         2     3456789A B01       2   345678 9A     B01     
8     9                   A         B             01   2      3          4   5  6      789AB012345 6       7     8   9   A         B        01         23        4    56            7   89       A         B0     123456789A B0    1    234567                                    8            9            AB012345 6  7                      8    9 A         B   0   1      2         3          4                         56   7                                                        
      34           56789A B         01  2              3      4567 8         9A                    B012345       67  8                      9AB        01   2         3  45         6                      789A   B0         1     2                                                                                 3  4    5            678  9    A B         01      2      34567 89  A          B0                        12         345                      678 9AB01         2       
9AB01 2                   345 6     78            9AB  01     2          3      45     6           78      9AB01     2                            3    4567           8             9   AB       0   12                            3           4                                               5            6789     A  B    0      1     2    3    4           5       6789AB 01    234 5                            678          9A    B     0                  1   2      345678         
                                    456                            7     89                                          A   B01234567 89A            B012      3456      7  89         AB  01234567 8                           9A                B  0               12345678        9       AB01                       2                    345       6 7         89A                      B0         123                                                                                     
      AB01 23456          7   8     9                  A      B                                                  012 3                      45678 9              AB01 2     3                                                      4567 8      9                           AB0    1234567      8                     9                         A    B 0     123                          4          5678              9A      B0   12345 6789A B                  0          12     3456789 
567   8                   9         A                  B      0          12  34                            56        7   89                       A         B01  23   4                          567 89AB0 123456            78    9AB0           1                                       2345 6      789A           B0      1234                   5 6     789     AB  0                12                                   34                                                            
                   B01234               56789AB01 234                    567 8                     9A                B01                    23    456       789A            B       01           234                                           56            78   9A                                  B0123          4  56          78    9AB0 1    2               34               567 8  9                                                                                       A       