    01        2                      3  456789AB0 123 4       5678 9AB0123      45     6789 AB0      12 3                                    4                 567   89                  AB0         12 3                     4       5                                               6789A B                       0123                                                                                   4     56789A        B                                                            
           67 89A                    B                                             01  2345     6    78        9AB                                                   012345                             6        78               9A  B0               1234567            89A         B01   2         3456 7                  89A                                                                                B01234        5678                 9AB012 3     45                         
1   2      3  4   5                  6                             7       8    9A B   0    12  3    4  5               678         9AB01234 5                       6                         7        8        9AB012           345 6    7           89AB0                                               1   23   45   6    7    8              9                 AB    0123456789AB 0                                                                         1     2         3456789AB0 
7          8                         9            A           B0           1234    56       789 A    B  0               12345 6              7                 89A   B      0            12    3        4        56     789AB 0       1                                2      34      5     6   7          8   9    AB   01                       23456                                7    89AB01234      5            6           789AB01234 5    6                                       
2   3      4  5   6789AB     0123456 7            8           9A           B0   1  234      56  7              8        9AB0  1                                                                         2        34           5   6   789A                             B      01      2     345 6     789A               B                 0            1    234    5                  6              78   9AB01                                           2     3     456789AB0 1          
89  AB     0  1                      2  3         4   5            6       7    8  9A  B             0  1                     2345  67       89AB0123          4            567 89AB0123       456   78 9 AB            01            2                                3  4   56789AB       01             23  4                                        567  89AB01                                        2            345                    6    7                                       
34         5  6          789         A            B0  12      34   5       6       78           9    A                                                B0                    123 4567     89    AB012 34 5 6789                A   B                            0123456 78                   9   A     B012                    3456         789AB        0                              12             3456 7                                   89A               B0    1         2          
           9A B   0      123         4            5   6789AB0 12                            34  5    6                        7     8                                                                9A B 012345              6   78                                   9A B01 2       3         45                  6789           AB0     123456 78                                                  9AB                      012             3           45678                            
    456789               AB0            12            3            4       5    67              8    9                                                               A      B                           0                     123                                      4  567               8   9          AB0                     1234567              89AB        01234                   567            8            9AB012 34   56         7    8      9AB01 2     3                    
AB0        12 3          456 7       8            9                        A    B0     1                2                                             3456789A B0123        4                        56 7                                  89AB0123456         789                          A   B0123      456           78        9              AB01  234  567    89                                                                                                                      
56            7              89AB    01                                         23              4    5  6789AB 01234567       89AB0                   12                                 34567 89       A                     B   012 34                               56                   7   8          9   AB01      2345                                       67                 89AB           012  3                                   4                                            
           B  0   1234               5            67               8       9           A        B012 3  4                           5        6                       7      89A                      B0 1               23456 789                              AB      01 23          4                        5678      9A   B012                                                     345                 6            78     9A              B012 345          6789A                      