0               12                              34567          89AB  0          1234 5                         6   789A         B01    2 3  4                             5                      6789A B              0    12                   3        4     5     67  89     A          B   0   1   2                     3456       7  8    9A          B      0    1   23      45                  67                     89AB 01234                   567                    89AB     
6                     789   A           B               0      12345 67  89     A            B0123456789A B012 3        45             6 7  8                             9            A         B01   2     345      6             7  89   A   B                    012 3      4   5          6   7   8  9         A        B    0     1  23   4    5             6    7           89AB 0       1      234                    5                                                            
1                     23456                                    7     89  A      B                                                      0 1        23                      4     56789A B               0              12   34567 89 AB          01   2   3     4         5  678     9          A   B0  1                     2    3     4       5678                    9AB         01   2345678 9      A   B0            1    234  56                                789AB 0               
7    8                                  9A              B      0     12                                   3    4                       5 6                        789A          B01234           5     6789A          B    0           123  456      7         89    AB  0      123 4          5   6   7            8             9AB   0            1             2345 6                                                 789       AB    01     23456789AB           0     123456          
2345                                                           6                7                         89A  B01              234567 8 9  A                     B                    0               1                         23 45               6                          789 AB0123 456 7   8   9A           B        01         23 4567                         8                9       A      B            01   2345 6    789   AB     01                                         
8    9                AB01                                                           234                       5        6789AB0        1 2                                3                            45    6        789A                  B0       1                                             2   3                          45678 9  AB               0      1    234                             5            6789 AB0  1          234567            89AB01234 56    789AB  01234567 
                34567                   8               9A               B01234 5    6                         7                89A    B 0                                             123456789                           AB    01 23 4567     8                           9AB            012     345                                  6            789AB0 1234        5   6789AB0      1       2                                                                                          
9    AB01234567 89AB0                   1234567 89AB012 345678                  9                              A   B012                3 45                67             8                                                                     9A   B0                  12 345     6      7   8   9A  B0                         12                                                             345678                                                                                     
                                                                                                          4567 89                      A    B0123 456789AB        0123456 7                                                89    AB 01          2    345       67    89  AB 012            3   4       56 78        9                   A       B01  234    56789A B    0   1       23                                                                                                      
AB                                      0               12           345        6    789AB01                   2   3456                7 8  9                             AB012                        3                         45 6       789          AB012 3         4      56  7      89A B                    01234567            8  9                                             A       B0         1        2345 6    7          89                                                
                                                                         567    8                                                      9 AB       01       2345           6                                  789AB012 345        67 89 AB0  123 4567 89A                        B0             123     4                                5            6             789A                  B              01  23456789 AB        0                                      1234                  
                            B0123456789                              AB         0                                       123            4    567            89AB01                                234                                                     56789 AB012 345 67         8          9          AB0123456          789A       B  01   23                          45      67                  89  A                                                                               