01          2         3      456                    7               8          9AB           0          12  3          4    5                        6                             78    9    A   B     0  1   2   3456 7                       89          AB012    34     5                            6           78                             9              AB0  12               34   5   6789AB0                     123456789A B0          12345                     6789AB       
                      6789AB                        0123            4          5                678     9                       A       B       0    123           45                             6789A B               01234              5                      67        89A       B0123456 789    AB 012345                                                         6     7     8    9    AB0 12345                                       6789AB       0           12      345          
     123456                  789AB01                     23456789AB 0                        12         34  5          6                             789AB         0                          1   234   5  6   7        8     9AB                    0                          1                     2                              3456 789 AB012 3         4         5     6     7    8    9           A      B        012            34   5      67                               89AB0 
789A B                0                                             1 23456789     AB0123456 7              8          9A   B   0               1234                                     56   789       A  B0                 12                3           4        56               7               8  9      AB0                       123 456   7                   89AB0       1234 5    6                                                                                             
234                   5                             6               7              89        AB             0               1   2345678 9       A          B012345 67                                   89 A   B01                         234              56789 AB                                  01             23456 789AB0123      456 789   A  B0     1                                                                                                                             
     8                                                              9 AB       012           34         56  7                                                      89                    AB01 2         34     56  78   9                  AB0       1            23                                  4         5678 9AB01                          2              3456 7     89    A    B012 34          567    89       AB  0          12                            34             567   
            3         4                    567      89A             B 01                                    2                                                                      3456  78                9            A         B0123456                           78         9AB0           123456 7                                             8         9AB             01234 5    6    7           8                              9A          B0    123456789AB 0              12    
     9A                              B012                           3          4             56         78  9AB        0123                          45    6789    AB                         0   1     2  345          6     78                                     9AB012     34567 8               9  AB                                         0  1234   5678                  9    A                B01234          567                        8                                      
            456789AB0 1      2       34567 89AB0123 4               5          678           9          AB0 1               234                 5678                               9AB01 2    3                                                 4567 89AB         01        234                       56 78     9                         AB0       1         23                                                                                                                            
                                                                    A                           B012345     6          78   9A  B       01                         23                         456       7  8   9A  B012       345          6789 AB01 234567       89                  A        B0               1234                                56             789        A     B                            01234567 89                                                                
56   7                               89A            B    01         2          3                            4   56789A B    0   1       2345678 9          A                                  B   0     1  2   34       5     6   789A                                      B01 2                     3                    456       789A           B         0    12   34    5     6    7    8           9      A            B               01234                    56789AB 012    34    
B    0      1         2      3             4        5               6              7         8  9A              B01234 5    678 9       A       B    0             1  23456789AB01 2     34       5     6  7   8   9A   B     0            1    2           3     45        67  8     9        A                                     B012     3     4  56789A                 B     0         12                          34             5678        9A                                     