                                                                    0                1 2                3  45          678 9           A                                 B01 234    5                                            6                   789A B        012     34     5   6789AB0 123456 7    89 AB                     0    123                     45678          9AB012345 6789                   A   B                                                                      
6      78            9AB0123 4    56                  789AB0123 456                  7                  89         AB0 1   2  34  5                                                 6789AB01 2       345678            9     A   B            012               34 56789AB                           012  3                    4567      89A                     B                             01234             5                                                                          
       12       3456              789AB012 34   5678                                 9                  AB             0   1      234  5678       9AB0123456 7           89A B0                                              1   2        345        6    78    9                 A           B0          12        34              5    6              789      A                             B                     0                                                                      
7         89AB0                                                 123 4                5 6                                   78 9A       B0                    123 4       56                  789AB01                   23456 7   8        9A  B           01                      234 5              6    7  89     A               B    0        1              2                                               34  56789A                                    B012    3               456  
          2345               6789               AB012               3     456789AB01 2 34                          567                            8          9AB                                            0123             456 7                                                                   89AB 0             12345       6789     AB   0                                                  123456 789A B0  1                                                                      
8      9A                    B012 34       567                                       8                                 9   AB               01234                56      7                                       89A         B   0  1234      56789A B01  23456 78         9AB012     3              4    5         6   789AB0      1        2345       6                       7                                                                                                           
       34                    5                                      6789A            B 01                          23  4   5  678 9AB0 1                         2                  3        456            789        AB    0   1                   234        5          6      78                                                              9AB            01                       2345 6789A        B0   12  34            56       789                A                       B012 
9               AB01                                                2                3                  45 67      89  AB  0  12       3                     456 789AB01 234 56789A                  B012                    3   45       678             9A    B0                    1                      234567 89         AB01 2             34567                         8                                                                                                           
4      56 7     89           A             B012 34    56        789                  A B    0           12 3       4   5   6      78   9    AB               0               1      2        3              4    56    7     8   9  AB0   12  3                                       4              5    6         7          89   A    B   01   2              3                                          45   6          789             AB012              3456789 AB012           3    
AB0123               45678                      9               AB0 1     23         4 5                67 89AB012     3               4    56789                                                    A           B     01    2   3            4      5          6          78     9                       A         B01        23   4    5   67   8              9     AB012345 6                    789AB0 1        2             3                                   456   789            
5         6     7                          89A                      B                0      123456789AB 0          1   2   34 5   6               7          8                                       9      AB   01234              56789                       A                 B01 2              3    4         5   6                7   89         AB012345       6789               AB01              23              456    789AB012 34                                              
       B0 1     2            3                        4             5                6 789A                                   B0  1    2                         3                  4                       56   7     8     9   A        B0                    12 34      5      6           789A        B  01     2               3    4                                                     5            6    789        AB0123 4        56    789AB0123456         789   AB0123456 789A 