                                          0   12                                    345   6789A            B                                                                                            01                          2345 67  89             A                                       B01                 2 3    456789       A  B                                                0123          4            56 78 9A     B0       123 456 789AB01234 5678          9AB       
    678    9A       B0        1      2345 6   7    8                                9AB01 2            3                  45            6789 AB0        1234               5                         6  789AB                            012         34                                             5678          9     A B                 0  1      2345 67              89AB0 1      2345                                                                                                
           12345678           9AB0        123 4    5                 6789A                B            0   1        23456                                                                     789A   B0                         12       345                             67  8                      9A                  B 0           12345 6                                           789AB01               23 45678     9  AB                     0                                      
                                     7    8   9AB0                           123456                                 7     8        9A            B01         2345678 9AB01                           23 45                 6789 AB0                                          123            45                          6                   78 9      AB01       23456789A       B0                                    1   2  3            4             56                                 
234 5               6789 A           B01                                            2     3     45678  9AB 0        1          2   34   5    67  8      9A   B01     23    4                  56     7                          89       AB  0123456 7      8       9    AB  0              1       2    3        456   7                                  89                    A              B     0123456 78 9A    B   0  1                                                             
89A        B0       1    23               4   5    6                         789                AB0123 45                 67   89A B0        1   234567              8               9AB0            1  2     3456789AB012 345  6            7       89AB01         2    345 6   7                                8     9 A           B0    1  2           3               4567                                                                                                             
    3               4    5           6    7   8    9A    B                                0            1   2              3    4   5678      9                                                                             A        B01              2              3456     7   89AB012345 6789AB0      12       3     4 5           6789A B  0                 1               2                                     3   4  56 78     9A B0123 456 78             9AB  012                
    9AB012                                    3    4                                      5            67           89A        B01      2    3                       4567                            8                                                      9       AB01 2                          34   56789AB0       1 2                 3              45                           6             789     AB       0   1  2         34 56789 AB0 12             3    456789AB 012345678 
    4               5    6789        A    B              0123456789A B012345        678         9                                       AB01 2                             3                         45 6                       7   89A      B              0123456 78       9AB                                        0 1                 2  345678                            9              A     B       01 23    456 78 9            A         B              012  3                  
                    A    B01  234567 8    9                                  AB0          1            2   3456789A B0    12   3        4    5                             6789AB012                    3                                                                    45  6                                7     8                   9  A                 B0        123                  45678         9        A   B  0  123456 78       9                                          
567                           8      9    A        B0123                                  4                                    567           8   9A     B0                           12345678        9A                    B012 345 67   89  A              B            01                 23           4              5 6789 AB0123       4                                                                 56       789 A     B0     12           3              4                       
B01                 23   4                5   6    7                                                   8                  9AB0     12   3    4          5678 9A                               B01234                                                 56     7            89                                       AB012 3 4                 5         6789 AB012                 345678         9     A          B01   2   3  4         56       78  9A                                     