      0  1234567             89AB0 1      2345         6             789  AB01234567            89                  A     B     0              123456789 AB                            0       12 34 56 789A                B      01234 5                              6                 7   89A       B                                                                                                                                                                                   
                                   6789AB        0             12345                                                            6 789          AB        012345 6789                   A          B     01   2345                        6  789          AB012 3        4                 5             67      8                9    AB01       234         56789AB0123      45                                                                                                            
123   4                            5      67     8     9             AB                   0                 1234567             8                        9      AB0             1      234 56  7  8  9A B    0              1            23 4            56             7    8            9       AB    0  12                    3    45   6     78   9AB01                   2   3456                      78       9AB0                              1234      56         78  9AB0        
7     8  9       A   B             0             1                                   2    34    56  7       89AB0   123   4     5 6                                  7          8      9   AB  0  1     2         3456789AB 0                                  1        2    3    45      6                78   9         AB0                    1    234567                  89                       AB01                                234 5678              9   AB0123 4   56          
      2              3456789                     AB                  012             3456 789AB 01                        2     3 45                     67          8          9AB0   1   234 56 7          8              9      A     B  012 3        4              5         6789AB0 1                                           23   45                                 67              89AB0123 4567                                                      8   9      AB0 1           
89AB0 1                      2     34                  5       67         89         AB0  12        34              56789 A     B              0                1               234567         89 A  B0      1              234567                       89                  AB01         2   3         45                       6    7               8                  9A       B012 34     567      89                                  A           B0    123 4   567                    
      3          456                             7     8                                                                        9 AB0123 4567            8           9AB0123456            789 AB 0  12 345  6                           78                                  9            AB0           12 3456 7                8               9AB0                         1                        2                                                         3   4      56  78   9AB012 
      9  A       B0          1     2                                 3456            789        AB                  0     1     2                                                              34 56 78      9AB  012                       3   456789AB       0        1    2            3   4   567   8  9A                    B012      3                 4           5678                               9AB01234                       56                789 AB0        1   2    345678 
456   7  8                                       9     AB01234                            56    7   89AB012               3     4                                                      5                6    7              8      9     A  B   01             2        3    4567         8             9A B0             123    45   6    789                                AB0      12              3                                       4       56789 AB0 1          2   3           
      A  B0      123                                                                                                4     56789 A        B0123                                                                                           4  56           7              89AB                  012       3                 456789 A                                       B012 3               4             56                789AB0123456 78  9AB0123       456 7   8      9               
      56         789 A                                                                                              B     0     1                               2345                   678        9                         A      B     01     2        3     456789AB 0         123     4   567 89            AB0123456        7    89   AB012                         34            56789A                                              B01                   2          3   4           
      B              012     34567        89AB01 23456 7       89AB0                 1          234 56                          7        89A                                           B   01     2  34                            5678  9  A                                                 B   01234                                          56                               789A B0                            12345678              9           A                                    