1        032 54                  7698 B           A                               1                        0        3         2           54           7                   698BA     1       0  3   2       5   4       76     98BA10 3254 7 6     9     8     B    A    103254      7  698            BA 10325 4  7        698    BA1     03  254                               76    9               8BA                                                                                  
         769      8B          A                   1    0                3     254 7                                                       6    98BA 10 3                         254         7  6   9   8   BA                             1 0           3     2    54   7698B  A    1  032            54 7698B A                                  10325476 9      8       BA          1        03     254            7    698BA10 3                       25              4                
2                 1      43   65                                                  8     7A9                         0         B      2143      6       5                             87A90B2 1  4   3   65                                 8 7           A     9    0           B    2            14   3        65                 8       7A9              0B                   2              1          436587A90B 21           4     36587A90B 2              14       36587A90B        
         8               7A90 B       21436587A90 B          21436587A9 0     B         21436              5                         87A9 0B                  2143658 7A90       B                          214 36587A9               0B   2       14365                             8            7A9  0        B                          214 3                   6       5                                                                                                                
                  325476                          9                     8BA1  0               32547698BA10 3        2547698BA             1    0    32                     547   6           9  8   BA1     0           3254   7      6    9 8           B     A    1           0    3      25476                                                  98BA     1              0           3   2547        6                                                   98BA10                           
             98BA        1    0  3254                                         76                                                                    98                B          A10         32 5   4       76          98BA10             3             25476                              98BA1               0                  3254769 8B  A10          325476               98    B   A10                             32                      54      76                               
43                       658  7                        A9    0B         2     1   436   58                                                     7       A90B21                        43      6      587                                    A 9     0B2         1                     4            3658          7  A90B2143                65  87           A      9                   0   B    2          1          43           658             7                                 A90B21 
                  A90    B    21                  4    36587                      A90B2                             1                                  4              3658       7           A  9   0   B2                            1    4                   3                6587 A9           0B2           1                                                  4       3           658             7              A90B         21                      43     6587A90B 21        436587 
         54  76               98 BA10             32                    54769 8                                                                     BA                     1032              54 7   6       98                             B A           10         3           2       547            69       8           BA1032                                               54    7   698  BA     103 2               547                     698BA10        32                        
         BA1 03          2                                                        5                        47698BA1           0           32   5    47 6                         98          B  A1      03                     2           5                   4    7698                BA1 03                  2           547                69           8      BA10325 47698 BA103 2        547698                                                                                      
6587A90B     21               43                  6587                        A9        0B                 2                  143    65   87A9                                                  0B2     14  3                              6 5     87A   9     0    B2          143  65                87 A     9                  0           B                           21          4   3                          658          7A90B 214       3                                        
                                                  0    B214                   3                                               6587A9 0B        2143 65 8      7A90B   214        3   65      8          7A9     0B21           4365   87A9 0 B2143             6587      A      9    0B                21 4     3  658                                             7                   A               9                                                                                    