                                         1032547        698B          A   103254                                 7698 B     A  1 0   325    4   7       69           8                 B         A                            1      0   3254                                                        7           69  8BA      1032             5    4                                    7698BA              1032  547698BA 1            0           32      5     4                 7698BA 
7       6      98BA1 0       32       54                                  7      69             8B           A        10325 4  7 6   98B    A   1                                                0       3254        76       9          8B   A     103     2                     5476 98BA                      1   0325 4        76 9  8     B    A    1                               0325            4                                           769 8B  A             10        3254   
2                    1436587 A    9   0B                2    1436587A 90  B      2143           6            5        8     7  A 9       0  B   2             143    65                                       87A90B                                             21    43              65                  87A90          B        21 43 6          5               87A90                       B                                                                                           
                                                                                      87A             9      0   B          21 4 3       6  5   8  7A90              B                 21436587A 9       0B   21                     43       65            8    7A90B                                           2   14   365         8  7A90B                              2            1      4        365 8              7A90B2 14365             8   7A9 0B214 365                      
                                                        3             2                         547   6      98B A10           3 254     7  6   9       8BA10                                                                 325476                                                                                          98BA    10                 32547698BA                             1        0                               32547698BA1 0       3             2547698BA 10     
98BA103        25            47       6  98BA           1    0                                               3   254  7     6  9 8B  A10        3       25           4                           7       6           98       B          A10  3     2547698                       BA   10   32547698             BA       10             3254  7    6                                                                                                                                       
               43                 65  87         A90B21                                                               4     3  6         58 7                                                                                 A               90B21              43658                 7             A90   B21                     43 65       8    7                             A90B21 4      36587A90 B21                43                           65  8     7A90B21                  
                     A9      0    B2  1          436                  587 A           90B214365       8      7        A     9  0         B2 1   4  3658       7A90B2                                     1    43                     658      7             A90B                  21                 43658                7        A9               0B21                          436587                                                                                                    
54             7             698B A10 32                547           6   98                          BA1032                   5     476 9  8   BA                   1032                                                                                   5476                  98        BA1                  03       2   547              69   8                       BA103               2            54769          8                        BA1 032                                
                                                                      B                         A1032 547    6        9     8  B A       1  032 5       47    6                        9         8                   BA103254            769  8     BA      1                     03   2                         547 69   8           BA       1032                         54769                        8   BA    1032                              54      769   8                        
6       587A9  0     B2      1    43     6       587    A    9                   0B                          214 3    6     5  8 7       A  9   0  B214 3                 6587A90B2143                        65              8      7A9                                                    0        B21   43                 6    58 7        A    9    0          B214365 8                            7A9                       0B2                   14                3                
        0B2143 6             5    87  A9                0    B2       143 6      587A           9                           0B 2 1       43     6             58     7A9               0         B214365 87A9                 0      B21      4             3          6587A90B21      43                  65    8   7    A9       0B 2  1     4    3                                                                       65     87A9                                                     