               103254 7698BA103254     7698B            A     1              0325    4      76     98BA1032 5      4    76 9   8B                                                           A   1          03254    7 69 8BA 1   032       5  4  7   6         98 B     A          10              325  4                                                                7      698         B     A                                                                                         
               7698BA              10  3254                                          7698BA                             10 325        4                                                                    7698B A  1 03 254 7         69  8B A      1032      54                          7            69   8BA  1032      547698B                        A                        103 2         5    4                                                                                    
2143                                         6          5     87A90B                                                           214365                           87A  9     0                                     B  2 1      4         3   6  5  8   7            A90   B   21                               4365                                          87                       A9  0B  2143  6    587A90B 21         436   5                   87   A90B                               
87                                 A9              0B         2      1       4       3             6               5       8   7A90                        B         21          43         6                    5  8 7      A             90 B  214           36       5   87A90B                                     2143                       6587A90B 21            436            5                      87   A9    0B                2       1436                           5        
     32547698B                         A10   32547      6                                   98BA10                      32                                 5476                             98B            A1    0  3 2                547    6  9   8         BA       10         325             476            98BA              10            32       5   47698BA10                                                                                                                    
                                             98BA1      0     3      2                      54     7               6    98 BA                              10        3                      254                  76 9 8                BA  1  0  3                25476                            98BA      10                     325476                               98BA10 325 47                 6                                    98BA103 25                   47        6        
                                   436             58   7                                                                                            A9         0B21                            436587A90B       21 4        365              87 A   9    0B2     1         436            58                7         A                                   90B           2                             1       4365 87                              A90B 21436587 A90B21                    
A90                                B2              1          4      36587A9                                       0B21    4          36587A90 B21              436        58               7                       A        90B           2  1           4365    8     7                  A9           0B21                                               436 5                        8         7            A9   0B    21                                      436    5         87       
                                   5               4769 8                                                   BA1032      54 7                   6           98        B     A                103 2                   5 4  769 8   BA1   0   3  2  5   4         7        698                                            B    A1032          547698                               BA1               03   2            5           47698BA1032 547                          698BA1032          
B    A10                                           32         5      4       7698BA1 0      32     5        4769   8    BA 1                   0     3     2    5    4     76                                    98 B A  103 2   54769 8         B   A    1    0  3     2   5      47698BA         10   3    2    5476 9            8      BA103               2         5      47      6   9     8                                                                                         
65                                 87              A    9            0B              21            4               3       6                   587A9 0B214 3         6587A 9                                        0 B                21  4  3  6   5    87A9                             0B21436      587A 9         0            B      2      14           3                    658 7A9 0     B214 3                                    6                     587              A90B2143 
                                             0          B2143 6                      5                      8      7A9     0          B21      43    6587  A    9    0     B2143 6587A90B21                      43 6 5          8         7A 9  0   B         21       43                                             6587         A9                                          0   B2  143 6587A 9            0B   21436 587A9                                                             