       1          0   325  4                                    7698BA103 254  7698BA10 3254 76           98                        B  A                            1                  032    5               4         76       98    BA                                                                                                            1                                03           254                                 7698 B     A                     1032547698BA        
           7698   B        A    10                  3254769 8BA                                                                     1  0   3                    254             7698BA                                                 10   32              54   7698BA1 0                             325                                   4       7              698               BA                   1032547698 BA 1                        0  3254                                   
21     4          3   6    5    8      7A9                                0             B    2       1    43           65           8  7   A   90B  21436587A90 B   2     1            4      3        6      5    87   A  9                0B   2                       1      436   5      87  A9    0B                                            2 1  436       5                                                 87 A9  0B             21436 5  8    7A90B                             
87A90B                                 21  43               6   5                                    8    7A           90   B       2  1       4365                 8     7                                   A90B 21   4  3     6     5                    87A9 0       B                   214 3                 6                         5       8 7  A90       B   2143 6587A90B 214 3                           6  5                  87A90 B       21    4365                        
       3          254 7    6    9                   8BA10                 3    254      76   98BA103 2       547            6       9  8            B           A10 3           254           7698BA10 3254   76        9  8BA10                                 325     4            76                                                             9 8B           A1  0                                                              3254       76                                 98BA10 
       9          8   BA10      325476                      9             8BA1          0                                           3  254 7                    6                                      98BA10           3  2     547                        6            9            8      B         A1    0     3254  7                   698BA10 3 25           47                    6        98BA103            25 476 9                    8  BA10                            325476 
43     65             8    7                                                                         A90B 21                        4  3   658                  7   A     90           B      2               1    4365 8  7                A9              0B21 4       36587A 90B21 4      365             8     7     A9     0B21                 4 36 587 A90B2                                                                               1       43658 7A90B21                     
       A          9        0B21        43  6587A90B         2                           1            4365                   87      A  9   0B  21                         43658                        7           A90B 21             43   6587                                             A90             B21                43658        7       A 90 B21 43        658           7                                                                                                     
           54     76  9    8    BA                          103 2                            54      7       698BA1032                                              54769                                     8                  BA103 2         547698BA10 3            2      5                      47698                                         B A      1     032                   54       76                 9  8             BA10       32                                        
           BA1032                                           547           69            8                              B    A103254 7  6   9                    8   B     A     103                           2         5  4           7698                                           BA1032                 54769 8BA10              3      2       5 4      76                      98                   BA         10 32                 5     4  769        8                           
65     87         A        9           0B  21                   4              3                          65           87A  9       0  B   214                  3                      6587A9                           0B       2          14   3                                               6587        A     9     0B2143       6587A9         0                  B    2143     65  87A90B21                    43                                                                    
       0B2        1   4    3           658                                7             A9                0B           2143         65         87A              9   0     B2           1      4               3            65                                                   87A   9          0B214       3           658    7A9   0B214  3       6        58        7A9                                              0B  21436587A            9                                         