         103      25          4                   7    6                9     8BA 1                                                       0    3254 76 9                         8BA         1  0   3   2   54                             7 6           9     8    BA   10325  4    7  698            BA 10325 4                                  7698BA10 3      2       54          7        69     8BA            1    0325476 9                       8B              A                
7        698 BA                  1032 5           4                               7                        6        9         8           BA           1                   03254     7       6  9   8       B   A       10     325476 98BA 1 0     3     2     5    4    7698BA      1  032            54 7698B A  1        032    547     69  8BA                               10    3               254                                                                                  
         2               1436 5       87A90B21436 5          87A90B2143 6     5         87A90              B                         2143 65                  87A90B2 1436       5                          87A 90B2143               65   8       7A90B                             2            143  6        5                          87A 9                   0       B                                                                                                                
8                 7      A9   0B                                                  2     143                         6         5      87A9      0       B                             2143658 7  A   9   0B                                 2 1           4     3    6           5    8            7A   9        0B                 2       143              65                   8              7          A90B214365 87           A     90B214365 8              7A       90B214365        
             3254        7    6  98BA                                         10                                                                    32                5          476         98 B   A       10          325476             9             8BA10                              32547               6                  98BA103 25  476          98BA10               32    5   476                             98                      BA      10                               
                  98BA10                          3                     2547  6               98BA10325476 9        8BA103254             7    6    98                     BA1   0           3  2   547     6           98BA   1      0    3 2           5     4    7           6    9      8BA10                                                  3254     7              6           9   8BA1        0                                                   325476                           
                  436    5    87                  A    90B21                      43658                             7                                  A              90B2       1           4  3   6   58                            7    A                   9                0B21 43           658           7                                                  A       9           0B2             1              4365         87                      A9     0B214365 87        A90B21 
A9                       0B2  1                        43    65         8     7   A90   B2                                                     1       436587                        A9      0      B21                                    4 3     658         7                     A            90B2          1  436587A9                0B  21           4      3                   6   5    8          7          A9           0B2             1                                 436587 
         547 69          8                                                        B                        A1032547           6           98   B    A1 0                         32          5  47      69                     8           B                   A    1032                547 69                  8           BA1                03           2      547698B A1032 54769 8        BA1032                                                                                      
         BA  10               32 5476             98                    BA103 2                                                                     54                     7698              BA 1   0       32                             5 4           76         9           8       BA1            03       2           547698                                               BA    1   032  54     769 8               BA1                     0325476        98                        
                                                  6    587A                   9                                               0B2143 65        87A9 0B 2      14365   87A        9   0B      2          143     6587           A90B   2143 6 587A9             0B21      4      3    65                87 A     9  0B2                                             1                   4               3                                                                                    
0B214365     87               A9                  0B21                        43        65                 8                  7A9    0B   2143                                                  658     7A  9                              0 B     214   3     6    58          7A9  0B                21 4     3                  6           5                           87          A   9                          0B2          14365 87A       9                                        