1       0      32547 6       98       BA                                  1      03             25           4        7698B A  1 0   325    4   7                                                6       98BA        10       3          25   4     769     8                     BA10 3254                      7   698B A        10 3  2     5    4    7                               698B            A                                           103 25  4             76        98BA   
                                         7698BA1        0325          4   7698BA                                 1032 5     4  7 6   98B    A   1       03           2                 5         4                            7      6   98BA                                                        1           03  254      7698             B    A                                    103254              7698  BA103254 7            6           98      B     A                 103254 
                                                                                      214             3      6   5          87 A 9       0  B   2  1436              5                 87A90B214 3       65   87                     A9       0B            2    14365                                           8   7A   90B         2  14365                              8            7      A        90B 2              143658 7A90B             2   143 6587A 90B                      
8                    7A90B21 4    3   65                8    7A90B214 36  5      87A9           0            B        2     1  4 3       6  5   8             7A9    0B                                       214365                                             87    A9              0B                  21436          5        87 A9 0          B               21436                       5                                                                                           
3254769        8B            A1       0  3254           7    6                                               9   8BA  1     0  3 25  476        9       8B           A                           1       0           32       5          476  9     8BA1032                       54   76   98BA1032             54       76             98BA  1    0                                                                                                                                       
                                                        9             8                         BA1   0      325 476           9 8BA     1  0   3       25476                                                                 98BA10                                                                                          3254    76                 98BA103254                             7        6                               98BA1032547 6       9             8BA103254 76     
                     43      6    58  7          A90                  B21 4           36587A90B       2      1        4     3  6         58 7   A  90B2       143658                                     7    A9                     0B2      1             4365                  87                 A90B2                1        43               6587                          A90B21                                                                                                    
               A9                 0B  21         436587                                                               A     9  0         B2 1                                                                                 4               36587              A90B2                 1             436   587                     A9 0B       2    1                             436587 A      90B21436 587                A9                           0B  2     1436587                  
                                                                      5                         47698 BA1    0        3     2  5 4       7  698 B       A1    0                        3         2                   547698BA            103  2     54      7                     69   8                         BA1 03   2           54       7698                         BA103                        2   54    7698                              BA      103   2                        
BA             1             0325 476 98                BA1           0   32                          547698                   B     A10 3  2   54                   7698                                                                                   BA10                  32        547                  69       8   BA1              03   2                       54769               8            BA103          2                        547 698                                
        6587A9 0             B    21  43                6    58       7A9 0      B214           3                           65 8 7       A9     0             B2     143               6         587A90B 2143                 6      587      A             9          0B21436587      A9                  0B    2   1    43       65 8  7     A    9                                                                       0B     2143                                                     
0       B2143  6     58      7    A9     0       B21    4    3                   65                          87A 9    0     B  2 1       4  3   6  587A 9                 0B21436587A9                        0B              2      143                                                    6        587   A9                 0    B2 1        4    3    6          587A90B 2                            143                       658                   7A                9                