10         3      25         4   76    98    B    A            10           32           5                         4           76     98              BA                           1               0325 4    7      6   98BA                                    10      32    5    4      7     698           B   A   1      0               325  4               7698BA              1                            032 54                                            7698BA                 
76                98BA           10325            4   769 8    B                                                         A            1032            5                       4    7               6    98BA 1      032       5                4                                   7698BA 10325       4                      7               698  BA              103    2       54   76                           98B A  1                         0         32     5                  4   
                       21436                      5   8        7A                    90  B    214          3             6     5                                                   8  7A90B                  2      1         436         5    87A90B21                       436  5      8           7A90B21 436 5   8            7A9            0                      B            2  14365                                                                              87A90       B   
           8           7A90B                                   2            14       365      87A                        90B               21436587A9 0                       B       214   36          5    8 7A90 B                                                                                                        21436                5                                      87A90B 2       1436587A90     B                            2                       14          365 
32         547                                    6                                               98BA1032 547     6           98BA10                                              32          54  7    6    9      8                     BA10                  325     476                                           9      8               BA10 3               254            76   98                B          A1     0        32     547698BA1                                     0   
98                           BA1                  0   325 4769                       8BA 10                              32547                             6      98BA1032547 6    9               8BA1 0    3          25476                                           98BA1                                     0   325476                      98                             BA10 3  2                         54  76                                                                   
                                 4           3658 7       A    9   0B21                  4    365                        8                            7    A90B21                  4  36    58          7    A      9         0B21 436587                                                 A9                  0   B21                                436587A90B21        436587A 9    0         B       2              1  436587A9        0                                 B     2     1   
A  90B2143 6           58    7   A9          0    B21 4   3    658                   7   A    90B          2             1                                 43     6           587  A        90 B2       1    4 3658 7              A90B21 43   6        587A9           0     B2   1      4           36      58  7   A      9     0B2143658      7                                                                                                                                         
54                76         98  B     A1032              5    4                         7698                                         BA                                      1032 5        47 698           B      A   103               2    5                47698BA       10   32           547               698 B      A                    1                      0       32   5         4                  76  98          BA10   32                  547698              BA103 2   
B  A              10         32        5476       98  BA1 0    3                         2        547      698BA10 3           2      5476            98                           B        A1 03       2    5      4                     7698                                            B     A1032                        5               47   6                      9       8    BA        10                     32          547698           B         A1     0      32    54769 8   
   6587    A90B21 43         65  8           7A9      0   B21      436587A9                                        0B21        43                     6    587                A9   0        B2 1   4    3    6      5         87A9                      0B21436         5     87A9 0            B             21  43                                                                                                                                                                        
                             0         B     214  3                         6587A90B 214 3        6                587A9                   0B         2143                         6  58       7A  9         0 B214                            3                                          6           58      7A9     0      B                    2                      1            4         36587A9                0  B2                        1436587A9 0B     2143   65    8     7A9 