     10  32        5    4              769         8BA        10325  4                             76      98                 BA                 1   0           3254    7   6  98 B   A                           103 25                                  4        7698BA10      325        4        769     8                                      BA   1 0      3               25         4             7                6   98B           A                                            
7              6   98BA          1032              54         7698BA                         10325                            4   7              69  8      B    A       1   0  32     54                          769 8B A                                                                                   1                 03254                     7 6                9     8     BA                                  103 254                    7698BA103         2      54         
               21  436  5    87A                   9   0B                                                                                            214365           87 A   9         0B 21                           43                      6                                                              5                 87A9  0B21436        5    8                        7A90B 214  36587A9 0B               2              1436     5                          87A90B            
         8         7    A90B 21             43                       65          87A9                      0B214365 87A90B214 365 8              7A         90   B    21 436    5                                         8       7            A90B                                                                                                       2                  14365                                           87A               90B 2143                   65                
3    254       7        6    9   8BA   10              325476        98BA10 32   5           476                                  9       8      B   A      1    0    3  2   5  4  7   6  9                  8BA10        3254769 8BA10 325476      98BA10          325      4    7                           6                                           9 8  BA1 0                                                                                                                        
9    8B        A   10                  3254        76                       98               BA                               10                 325        47   6       9   8  B  A10                       32    54  76               98BA10 3254 7      6                 9    8BA10                             32547698BA1                      0    3 2  547                 6                  9     8          BA103 254 7             6                                            
4    36        5        87                  A90B21                               436  587          A90B214          365       87  A       9      0   B      2    1    4      3  6  5   87                              A9 0B      2            1    4365   87A90B21 4        3    6     58   7                A90B2             1             436587      A 9                0B2                      1                                                                                     
A              90B 2    1    43             65         8             7                A90B21                                                     4          3658 7    A9 0   B     2   1  43                                      65           87                            A    9     0B21          4       3                 6     587     A90B   21   4 3                            6587               A90B214365 8                       7   A90B 2         1436587                   
         54769 8                                                            BA10                   3                          2   5       476        9           8       B   A  10     32       547698BA1032 54769 8BA 10         3                 2      5                      4     76   98BA1032                                                     5 47 698                                                           B   A103          2        54                       7698BA1032 
         BA10  3        2        54769 8BA         103               2      5476             98                                           BA1032                         5   4  7  698                                                                                                                BA10325 4                                      7698 B A1 032 547698BA1             03           2                54769                   8                                            
658  7A9                     0B                    2   1      4      3                                                                                                65 8   7  A      9  0B                       2      1       4                        3                 6587       A9                          0           B             21     43   6 5                87A         9    0B21    43                         6    587A90B2 143 6587           A90B2   143               
0B21           4        3    65             87         A9                        0B21 436          58      7A                 9   0B21436 5      8   7      A    9    0B     21    43     6587A                                   9                                          0B21       43   65       8       7                       A9                  0 B      2               143                6587A                  9                                                              