           1032   5        4    76                  98BA103 254                                                                     7  6   9                    8BA             103254                                                 76   98              BA   1032547 6                             98B                                   A       1              032               54                   7698BA1032 54 7                        6  98BA                                   
       7          6   98B  A                                    103254769 8BA  10325476 98BA 10           32                        5  4                            7                  698    B               A         10       32    54                                                                                                            7                                69           8BA                                 1032 5     4                     7698BA103254        
214365                                 87  A9               0   B                                    2    14           36   5       8  7       A90B                 2     1                                   4365 87   A  9     0     B                    2143 6       5                   87A 9                 0                         B       2 1  436       5   87A9 0B214365 87A 9                           0  B                  21436 5       87    A90B                        
87     A          9   0    B    2      143                                6             5    8       7    A9           0B           2  1   4   365  87A90B21436 5   8     7            A      9        0      B    21   4  3                65   8                       7      A90   B      21  43    65                                            8 7  A90       B                                                 21 43  65             87A90 B  2    14365                             
       3          2   5476      98BA10                      3             2547          6                                           9  8BA 1                    0                                      325476           9  8     BA1                        0            3            2      5         47    6     98BA  1                   0325476 9 8B           A1                    0        3254769            8B A10 3                    2  5476                            98BA10 
       9          8BA 1    0    3                   25476                 9    8BA      10   3254769 8       BA1            0       3  2            5           476 9           8BA           10325476 98BA   10        3  25476                                 98B     A            10                                                             3 25           47  6                                                              98BA       10                                 325476 
       4          3        6587        A9  0B214365         8                           7            A90B                   21      4  3   65  87                         A90B2                        1           4365 87             A9   0B21                                             436             587                A90B2        1       4 36 587 A9        0B2           1                                                                                                     
A9     0B             2    1                                                                         4365 87                        A  9   0B2                  1   4     36           5      8               7    A90B 2  1                43              6587 A       90B214 36587 A      90B             2     1     43     6587                 A 90 B21 43658                                                                               7       A90B2 1436587                     
           547698                                           BA1           03            2                              5    47698BA 1  0   3                    2   5     4     769                           8         B  A           1032                                           547698                 BA103 25476              9      8       B A      10                      32                   54         76 98                 B     A  103        2                           
           BA     10  3    2    54                          769 8                            BA      1       032547698                                              BA103                                     2                  54769 8         BA10325476 9            8      B                      A1032                                         5 4      7     698                   BA       10                 3  2             5476       98                                        
       658        7   A    9           0B2                                1             43                65           87A9         0B         214              3   6     58           7      A               9            0B                                                   214   3          6587A       9           0B2    143   6587A  9       0        B2        143                                              65  87A90B214            3                                         
0B     21         4        3           65  87                   A              9                          0B           214  3       6  5   87A                  9                      0B2143                           65       8          7A   9                                               0B21        4     3     6587A9       0B2143         6                  5    87A9     0B  21436587                    A9                                                                    