12
12
1
12
1
12
72
72
0 1 2 3 4 5 6 7 8 9 10 11 11 10 9 8 7 6 5 4 3 2 1 0 0 1 2 3 4 5 6 7 8 9 10 11 11 10 9 8 7 6 5 4 3 2 1 0 0 1 2 3 4 5 6 7 8 9 10 11 11 10 9 8 7 6 5 4 3 2 1 0 17
6 7 8 9 10 11 0 1 2 3 4 5 5 4 3 2 1 0 11 10 9 8 7 6 6 7 8 9 10 11 0 1 2 3 4 5 5 4 3 2 1 0 11 10 9 8 7 6 6 7 8 9 10 11 0 1 2 3 4 5 5 4 3 2 1 0 11 10 9 8 7 6 17
1 2 3 4 5 6 7 8 9 10 11 0 0 11 10 9 8 7 6 5 4 3 2 1 1 2 3 4 5 6 7 8 9 10 11 0 0 11 10 9 8 7 6 5 4 3 2 1 1 2 3 4 5 6 7 8 9 10 11 0 0 11 10 9 8 7 6 5 4 3 2 1 17
7 8 9 10 11 0 1 2 3 4 5 6 6 5 4 3 2 1 0 11 10 9 8 7 7 8 9 10 11 0 1 2 3 4 5 6 6 5 4 3 2 1 0 11 10 9 8 7 7 8 9 10 11 0 1 2 3 4 5 6 6 5 4 3 2 1 0 11 10 9 8 7 17
2 3 4 5 6 7 8 9 10 11 0 1 1 0 11 10 9 8 7 6 5 4 3 2 2 3 4 5 6 7 8 9 10 11 0 1 1 0 11 10 9 8 7 6 5 4 3 2 2 3 4 5 6 7 8 9 10 11 0 1 1 0 11 10 9 8 7 6 5 4 3 2 17
8 9 10 11 0 1 2 3 4 5 6 7 7 6 5 4 3 2 1 0 11 10 9 8 8 9 10 11 0 1 2 3 4 5 6 7 7 6 5 4 3 2 1 0 11 10 9 8 8 9 10 11 0 1 2 3 4 5 6 7 7 6 5 4 3 2 1 0 11 10 9 8 17
3 4 5 6 7 8 9 10 11 0 1 2 2 1 0 11 10 9 8 7 6 5 4 3 3 4 5 6 7 8 9 10 11 0 1 2 2 1 0 11 10 9 8 7 6 5 4 3 3 4 5 6 7 8 9 10 11 0 1 2 2 1 0 11 10 9 8 7 6 5 4 3 17
9 10 11 0 1 2 3 4 5 6 7 8 8 7 6 5 4 3 2 1 0 11 10 9 9 10 11 0 1 2 3 4 5 6 7 8 8 7 6 5 4 3 2 1 0 11 10 9 9 10 11 0 1 2 3 4 5 6 7 8 8 7 6 5 4 3 2 1 0 11 10 9 17
4 5 6 7 8 9 10 11 0 1 2 3 3 2 1 0 11 10 9 8 7 6 5 4 4 5 6 7 8 9 10 11 0 1 2 3 3 2 1 0 11 10 9 8 7 6 5 4 4 5 6 7 8 9 10 11 0 1 2 3 3 2 1 0 11 10 9 8 7 6 5 4 17
10 11 0 1 2 3 4 5 6 7 8 9 9 8 7 6 5 4 3 2 1 0 11 10 10 11 0 1 2 3 4 5 6 7 8 9 9 8 7 6 5 4 3 2 1 0 11 10 10 11 0 1 2 3 4 5 6 7 8 9 9 8 7 6 5 4 3 2 1 0 11 10 17
5 6 7 8 9 10 11 0 1 2 3 4 4 3 2 1 0 11 10 9 8 7 6 5 5 6 7 8 9 10 11 0 1 2 3 4 4 3 2 1 0 11 10 9 8 7 6 5 5 6 7 8 9 10 11 0 1 2 3 4 4 3 2 1 0 11 10 9 8 7 6 5 17
11 0 1 2 3 4 5 6 7 8 9 10 10 9 8 7 6 5 4 3 2 1 0 11 11 0 1 2 3 4 5 6 7 8 9 10 10 9 8 7 6 5 4 3 2 1 0 11 11 0 1 2 3 4 5 6 7 8 9 10 10 9 8 7 6 5 4 3 2 1 0 11 17