12
12
1
12
1
12
72
72
0 5 10 3 8 1 6 11 4 9 2 7 7 2 9 4 11 6 1 8 3 10 5 0 0 5 10 3 8 1 6 11 4 9 2 7 7 2 9 4 11 6 1 8 3 10 5 0 0 5 10 3 8 1 6 11 4 9 2 7 7 2 9 4 11 6 1 8 3 10 5 0 17
5 10 3 8 1 6 11 4 9 2 7 0 0 7 2 9 4 11 6 1 8 3 10 5 5 10 3 8 1 6 11 4 9 2 7 0 0 7 2 9 4 11 6 1 8 3 10 5 5 10 3 8 1 6 11 4 9 2 7 0 0 7 2 9 4 11 6 1 8 3 10 5 17
10 3 8 1 6 11 4 9 2 7 0 5 5 0 7 2 9 4 11 6 1 8 3 10 10 3 8 1 6 11 4 9 2 7 0 5 5 0 7 2 9 4 11 6 1 8 3 10 10 3 8 1 6 11 4 9 2 7 0 5 5 0 7 2 9 4 11 6 1 8 3 10 17
3 8 1 6 11 4 9 2 7 0 5 10 10 5 0 7 2 9 4 11 6 1 8 3 3 8 1 6 11 4 9 2 7 0 5 10 10 5 0 7 2 9 4 11 6 1 8 3 3 8 1 6 11 4 9 2 7 0 5 10 10 5 0 7 2 9 4 11 6 1 8 3 17
8 1 6 11 4 9 2 7 0 5 10 3 3 10 5 0 7 2 9 4 11 6 1 8 8 1 6 11 4 9 2 7 0 5 10 3 3 10 5 0 7 2 9 4 11 6 1 8 8 1 6 11 4 9 2 7 0 5 10 3 3 10 5 0 7 2 9 4 11 6 1 8 17
1 6 11 4 9 2 7 0 5 10 3 8 8 3 10 5 0 7 2 9 4 11 6 1 1 6 11 4 9 2 7 0 5 10 3 8 8 3 10 5 0 7 2 9 4 11 6 1 1 6 11 4 9 2 7 0 5 10 3 8 8 3 10 5 0 7 2 9 4 11 6 1 17
6 11 4 9 2 7 0 5 10 3 8 1 1 8 3 10 5 0 7 2 9 4 11 6 6 11 4 9 2 7 0 5 10 3 8 1 1 8 3 10 5 0 7 2 9 4 11 6 6 11 4 9 2 7 0 5 10 3 8 1 1 8 3 10 5 0 7 2 9 4 11 6 17
11 4 9 2 7 0 5 10 3 8 1 6 6 1 8 3 10 5 0 7 2 9 4 11 11 4 9 2 7 0 5 10 3 8 1 6 6 1 8 3 10 5 0 7 2 9 4 11 11 4 9 2 7 0 5 10 3 8 1 6 6 1 8 3 10 5 0 7 2 9 4 11 17
4 9 2 7 0 5 10 3 8 1 6 11 11 6 1 8 3 10 5 0 7 2 9 4 4 9 2 7 0 5 10 3 8 1 6 11 11 6 1 8 3 10 5 0 7 2 9 4 4 9 2 7 0 5 10 3 8 1 6 11 11 6 1 8 3 10 5 0 7 2 9 4 17
9 2 7 0 5 10 3 8 1 6 11 4 4 11 6 1 8 3 10 5 0 7 2 9 9 2 7 0 5 10 3 8 1 6 11 4 4 11 6 1 8 3 10 5 0 7 2 9 9 2 7 0 5 10 3 8 1 6 11 4 4 11 6 1 8 3 10 5 0 7 2 9 17
2 7 0 5 10 3 8 1 6 11 4 9 9 4 11 6 1 8 3 10 5 0 7 2 2 7 0 5 10 3 8 1 6 11 4 9 9 4 11 6 1 8 3 10 5 0 7 2 2 7 0 5 10 3 8 1 6 11 4 9 9 4 11 6 1 8 3 10 5 0 7 2 17
7 0 5 10 3 8 1 6 11 4 9 2 2 9 4 11 6 1 8 3 10 5 0 7 7 0 5 10 3 8 1 6 11 4 9 2 2 9 4 11 6 1 8 3 10 5 0 7 7 0 5 10 3 8 1 6 11 4 9 2 2 9 4 11 6 1 8 3 10 5 0 7 17