12
12
1
12
1
12
72
24
0 1 2 3 4 5 6 7 8 9 10 11 11 10 9 8 7 6 5 4 3 2 1 0 0 1 2 3 4 5 6 7 8 9 10 11 11 10 9 8 7 6 5 4 3 2 1 0 17
11 10 9 8 7 6 5 4 3 2 1 0 0 1 2 3 4 5 6 7 8 9 10 11 11 10 9 8 7 6 5 4 3 2 1 0 0 1 2 3 4 5 6 7 8 9 10 11 17
1 2 3 4 5 6 7 8 9 10 11 0 0 11 10 9 8 7 6 5 4 3 2 1 1 2 3 4 5 6 7 8 9 10 11 0 0 11 10 9 8 7 6 5 4 3 2 1 17
0 11 10 9 8 7 6 5 4 3 2 1 1 2 3 4 5 6 7 8 9 10 11 0 0 11 10 9 8 7 6 5 4 3 2 1 1 2 3 4 5 6 7 8 9 10 11 0 17
2 3 4 5 6 7 8 9 10 11 0 1 1 0 11 10 9 8 7 6 5 4 3 2 2 3 4 5 6 7 8 9 10 11 0 1 1 0 11 10 9 8 7 6 5 4 3 2 17
1 0 11 10 9 8 7 6 5 4 3 2 2 3 4 5 6 7 8 9 10 11 0 1 1 0 11 10 9 8 7 6 5 4 3 2 2 3 4 5 6 7 8 9 10 11 0 1 17
3 4 5 6 7 8 9 10 11 0 1 2 2 1 0 11 10 9 8 7 6 5 4 3 3 4 5 6 7 8 9 10 11 0 1 2 2 1 0 11 10 9 8 7 6 5 4 3 17
2 1 0 11 10 9 8 7 6 5 4 3 3 4 5 6 7 8 9 10 11 0 1 2 2 1 0 11 10 9 8 7 6 5 4 3 3 4 5 6 7 8 9 10 11 0 1 2 17
4 5 6 7 8 9 10 11 0 1 2 3 3 2 1 0 11 10 9 8 7 6 5 4 4 5 6 7 8 9 10 11 0 1 2 3 3 2 1 0 11 10 9 8 7 6 5 4 17
3 2 1 0 11 10 9 8 7 6 5 4 4 5 6 7 8 9 10 11 0 1 2 3 3 2 1 0 11 10 9 8 7 6 5 4 4 5 6 7 8 9 10 11 0 1 2 3 17
5 6 7 8 9 10 11 0 1 2 3 4 4 3 2 1 0 11 10 9 8 7 6 5 5 6 7 8 9 10 11 0 1 2 3 4 4 3 2 1 0 11 10 9 8 7 6 5 17
4 3 2 1 0 11 10 9 8 7 6 5 5 6 7 8 9 10 11 0 1 2 3 4 4 3 2 1 0 11 10 9 8 7 6 5 5 6 7 8 9 10 11 0 1 2 3 4 17